function y = f(x);
    y = [0.85*x(1) + 1.27*x(2) - 2.37*x(3) + 0.57*x(4) - 2.23;
        1.47*x(1) - 0.28*x(2) + 0.56*x(3) - 1.21*x(4) - 1.71;
        0.66*x(1) + 1.31*x(2) - 0.63*x(3) + 0.43*x(4) + 0.54;
        0.57*x(1) - 0.78*x(2) - 0.56*x(3) - 0.83*x(4) - 3.65];
end